Cycle: 80182,     Time: 1.000008e-02s,     Time Increment: 1.247324e-07s,     Progress: 100%,     Estimated Clock Time Remaining: -
Cycle: 80182,     Time: 1.000008e-02s,     Time Increment: 1.247324e-07s,     Progress: 100%,     Estimated Clock Time Remaining: -1s
